,Country,Total Cases,New Cases,Total Deaths,New Deaths,Total Recovered,New Recovered,Active Cases,Serious/Critical,Tot Cases/1M,Deaths/1M,Total Tests,Tests/1M,Population,Continent,%Inc Cases,%Inc Deaths,%Inc Recovered
0,World,141286938,784521.0,3023317,11596.0,120029569,615509.0,18234052,106891,18126.0,387.9,-1,-1,-1,All,0.5552678903693136,0.3835522374927935,0.5127978090132107
1,USA,32361280,63625.0,580756,738.0,24909770,69411.0,6870754,9824,97315.0,1746.0,428132055,1287450,332542637,North America,0.19660841598354578,0.1270757426526803,0.2786497025062857
2,India,14782461,260778.0,177168,1495.0,12805094,138205.0,1800199,8944,10629.0,127.0,264972022,190524,1390753234,Asia,1.7641040960635717,0.8438318432222524,1.0792970360077012
3,Brazil,13900134,65792.0,371889,2865.0,12344861,45998.0,1183384,8318,65028.0,1740.0,28600000,133796,213757680,South America,0.47331917807411067,0.770391165105717,0.3726084886658505
4,France,5260182,35861.0,100593,189.0,4081203,34685.0,1078386,5877,80445.0,1538.0,71808202,1098182,65388253,Europe,0.6817444719593353,0.18788583698666905,0.8498719617720559
5,Russia,4693469,9321.0,105193,398.0,4319389,8832.0,268887,2300,32151.0,721.0,125100000,856942,145984203,Europe,0.19859511163278165,0.378352171722453,0.20447336417257164
6,UK,4385938,2206.0,127260,35.0,4145810,6257.0,112868,332,64339.0,1867.0,140944028,2067568,68169005,Europe,0.050297108623058515,0.0275027502750275,0.15092346248380897
7,Turkey,4212645,62606.0,35608,288.0,3643734,52184.0,533303,3240,49527.0,419.0,43467516,511035,85057795,Asia,1.4861446905685145,0.8088070096607505,1.4321572321140896
8,Italy,3857437,15364.0,116676,310.0,3235459,16484.0,505302,3340,63874.0,1932.0,54864328,908484,60391111,Europe,0.39829555220214874,0.265693030271864,0.5094794896180109
9,Spain,3407283,-1.0,76981,-1.0,3129234,-1.0,201068,2180,72853.0,1646.0,44285495,946895,46769173,Europe,-2.9348897640730166e-05,-0.0012990218365570726,-3.1956702502912853e-05
10,Germany,3137907,20957.0,80526,139.0,2765100,13100.0,292281,4740,37358.0,959.0,52737238,627849,83996696,Europe,0.6678655549702397,0.17261505600675559,0.4737622509131677
11,Argentina,2677747,19119.0,59164,80.0,2343808,19701.0,274775,3977,58820.0,1300.0,10090767,221656,45524419,South America,0.7139957583744843,0.13521736190926914,0.840555199060674
12,Poland,2675872,15761.0,61825,616.0,2285221,29989.0,328826,3372,70765.0,1635.0,13503602,357109,37813645,Europe,0.5890042573037874,0.9963606955115245,1.3123019611669944
13,Colombia,2636076,16654.0,67931,367.0,2457888,15435.0,110257,4299,51373.0,1324.0,13774899,268452,51312421,South America,0.6317723768206986,0.5402540813472494,0.6279781666210991
14,Mexico,2299939,4504.0,211693,480.0,1823732,2773.0,264514,4798,17691.0,1628.0,6378763,49065,130005664,North America,0.19583128074266318,0.2267434445163515,0.15205084957658252
15,Iran,2215445,21312.0,66327,319.0,1772688,11191.0,376430,4694,26112.0,782.0,14277782,168283,84843688,Asia,0.9619737795341343,0.4809504425045607,0.6313011652360708
16,Ukraine,1936228,14984.0,39536,440.0,1475556,9736.0,421136,177,44486.0,908.0,8915393,204836,43524478,Europe,0.7738758038826006,1.112909753136382,0.6598190783677474
17,Peru,1697626,8575.0,56797,343.0,1619680,9117.0,21149,2616,50926.0,1704.0,10374315,311212,33335152,South America,0.5051171459438062,0.6039051358346392,0.5628889657216241
18,Czechia,1600347,3210.0,28413,42.0,1495596,272.0,76338,971,149220.0,2649.0,15507408,1445944,10724766,Europe,0.2005814988874288,0.14781966001478197,0.01818672957135483
19,Indonesia,1599763,5041.0,43328,132.0,1450192,5963.0,106243,-1,5800.0,157.0,13797813,50026,275814395,Asia,0.3151091755466279,0.30465288035450516,0.4111869324889394
20,South Africa,1565680,1325.0,53711,48.0,1489457,885.0,22512,546,26138.0,897.0,10305641,172046,59900468,Africa,0.08462776557150886,0.08936716873638548,0.05941762669214351
21,Netherlands,1395328,8285.0,16904,31.0,1162739,6113.0,215685,795,81289.0,985.0,11292587,657885,17164991,Europe,0.5937672002568571,0.1833885470894463,0.5257413744615086
22,Chile,1117348,8037.0,25055,132.0,1045807,8268.0,46486,3277,58055.0,1302.0,12206029,634203,19246262,South America,0.7192924675213094,0.5268409499101976,0.7905856434313405
23,Canada,1113907,7845.0,23591,50.0,1003553,6351.0,86763,1089,29310.0,621.0,29803243,784205,38004425,North America,0.704277825707173,0.2119452333517019,0.6328514786961924
24,Romania,1027039,3474.0,26072,135.0,936515,5573.0,64452,1505,53672.0,1362.0,7883209,411969,19135449,Europe,0.3382539514078823,0.5177968702055845,0.5950785625430453
25,Iraq,970987,6552.0,14948,33.0,849718,5867.0,106321,505,23721.0,365.0,8767925,214197,40933930,Asia,0.6747773142173891,0.2207653197752208,0.6904643658248972
26,Belgium,943213,3904.0,23681,45.0,794506,5083.0,125026,930,81104.0,2036.0,11907015,1023849,11629663,Europe,0.4139043885103365,0.19002575904733754,0.6397686109356002
27,Philippines,926035,11084.0,15810,72.0,706477,744.0,203748,750,8363.0,143.0,11103200,100268,110735003,Asia,1.19693100152802,0.45540796963946867,0.1053112840191542
28,Sweden,900138,-1.0,13788,-1.0,724648,-1.0,161702,391,88690.0,1359.0,7847033,773166,10149222,Europe,-0.00011109407668601926,-0.00725268349289237,-0.0001379980349079829
29,Israel,836882,142.0,6331,16.0,827964,219.0,2587,202,90989.0,688.0,13929118,1514431,9197590,Asia,0.01696774455658026,0.25272468804296316,0.02645042538081366
30,Portugal,830560,649.0,16942,5.0,788274,667.0,25344,103,81643.0,1665.0,9690372,952553,10173050,Europe,0.07814005008668849,0.029512454255695902,0.08461524799752371
31,Pakistan,750158,4976.0,16094,112.0,654956,4181.0,79108,4149,3345.0,72.0,11072531,49370,224277378,Asia,0.6633269257942993,0.6959115198210514,0.6383634931201486
32,Hungary,746802,4604.0,24979,217.0,450791,4871.0,271032,1093,77462.0,2591.0,5096421,528629,9640834,Europe,0.6164954030653372,0.8687297329756996,1.0805450863038526
33,Bangladesh,715252,3473.0,10283,101.0,608815,5907.0,96154,-1,4309.0,62.0,5150663,31030,165989196,Asia,0.48556313019746883,0.9822036370708936,0.9702454768689996
34,Jordan,683466,1596.0,8178,61.0,631944,6032.0,43344,729,66463.0,795.0,6459718,628171,10283378,Asia,0.23351563940269157,0.7459036439227195,0.9545149570215082
35,Serbia,660299,2583.0,5954,34.0,584098,4473.0,70247,228,75815.0,684.0,3673249,421759,8709355,Europe,0.3911864170625732,0.5710446758481693,0.7657961506459533
36,Switzerland,632399,-1.0,10505,2.0,568416,1737.0,53478,222,72649.0,1207.0,6538153,751096,8704812,Europe,-0.0001581280172802297,0.01903855306996668,0.3055860496537747
37,Austria,591347,2048.0,9870,27.0,552619,2149.0,28858,548,65363.0,1091.0,28615969,3162974,9047172,Europe,0.34632795972584624,0.2735562310030395,0.3888755182141765
38,Japan,525218,4473.0,9584,46.0,478378,2804.0,37256,702,4163.0,76.0,10833896,85869,126168345,Asia,0.8516463639860019,0.4799666110183639,0.5861473562747451
39,Lebanon,508503,1695.0,6886,32.0,423848,3625.0,77769,774,74768.0,1012.0,3814173,560816,6801110,Asia,0.3333313667765972,0.46471100784199826,0.8552594326267907
40,Morocco,505447,600.0,8944,10.0,491537,616.0,4966,235,13567.0,240.0,6157491,165271,37256892,Africa,0.1187068080332854,0.11180679785330948,0.12532118640102372
41,UAE,495224,1958.0,1550,3.0,478063,1545.0,15611,-1,49597.0,155.0,41563833,4162631,9984991,Asia,0.39537663764276365,0.1935483870967742,0.32317916257899065
42,Saudi Arabia,404054,948.0,6810,9.0,387795,775.0,9449,1018,11465.0,193.0,16123732,457509,35242438,Asia,0.23462210496616787,0.13215859030837004,0.1998478577598989
43,Bulgaria,385963,1076.0,15138,38.0,305237,1204.0,65588,797,55882.0,2192.0,2357428,341322,6906762,Europe,0.27878319942585167,0.25102391333069096,0.39444759318169165
44,Slovakia,375336,750.0,11043,73.0,255300,-1.0,108993,450,68721.0,2022.0,2486691,455292,5461744,Europe,0.19982096041946418,0.6610522502943041,-0.00039169604386995695
45,Malaysia,372859,2331.0,1370,5.0,352395,1832.0,19094,225,11404.0,42.0,8540200,261215,32694152,Asia,0.6251692999230272,0.36496350364963503,0.5198711672980605
46,Panama,360597,348.0,6187,2.0,350347,213.0,4063,105,82546.0,1416.0,2292939,524886,4368453,North America,0.09650662651103586,0.03232584451268789,0.06079686710604058
47,Ecuador,358157,2193.0,17641,113.0,298604,-1.0,41912,618,20059.0,988.0,1225383,68630,17854857,South America,0.6123013092023889,0.6405532566181056,-0.00033489169602550533
48,Belarus,342923,1384.0,2413,10.0,333373,1401.0,7137,-1,36300.0,255.0,5647213,597788,9446852,Europe,0.4035891439186056,0.4144218814753419,0.4202499902511601
49,Greece,313444,2411.0,9397,67.0,267947,1772.0,36100,824,30190.0,905.0,7443639,716940,10382515,Europe,0.7691964114802007,0.7129935085665638,0.661324814235651
50,Croatia,306225,2627.0,6523,37.0,283418,2359.0,16284,182,74961.0,1597.0,1693080,414452,4085101,Europe,0.8578659482406726,0.5672236700904493,0.8323395126632747
51,Azerbaijan,298522,2148.0,4107,30.0,262480,2287.0,31935,-1,29234.0,402.0,3096740,303257,10211601,Asia,0.7195449581605375,0.7304601899196494,0.8713044803413594
52,Georgia,294540,1219.0,3925,9.0,280132,301.0,10483,-1,73948.0,985.0,3856967,968339,3983076,Asia,0.41386568887078157,0.22929936305732482,0.10744934530864021
53,Bolivia,287360,1246.0,12625,22.0,236455,960.0,38280,71,24355.0,1070.0,1037899,87965,11798982,South America,0.4336024498886414,0.17425742574257427,0.40599691273180943
54,Kazakhstan,284173,2822.0,3364,31.0,244517,2892.0,36292,221,14992.0,177.0,9464077,499305,18954495,Asia,0.9930570462359197,0.9215219976218787,1.1827398503989497
55,Tunisia,283976,2199.0,9717,78.0,234012,1369.0,40247,462,23830.0,815.0,1223338,102659,11916569,Africa,0.7743612136236865,0.802716887928373,0.5850127343896895
56,Nepal,283658,768.0,3075,5.0,275038,226.0,5545,-1,9599.0,104.0,2340417,79200,29550643,Asia,0.2707485775123564,0.16260162601626016,0.08217046371774082
57,Palestine,279753,1618.0,2983,28.0,245295,1773.0,31475,172,53852.0,574.0,1670034,321478,5194856,Asia,0.5783673454797625,0.9386523633925578,0.7228031553843332
58,Dominican Republic,260627,494.0,3414,4.0,218306,296.0,38907,154,23836.0,312.0,1367138,125035,10934086,North America,0.18954290998246537,0.11716461628588166,0.13558949364653286
59,Kuwait,255860,1388.0,1440,4.0,239027,1360.0,15393,250,59220.0,333.0,2213624,512352,4320510,Asia,0.5424841710310326,0.2777777777777778,0.5689733795763658
60,Paraguay,248364,1558.0,5251,74.0,203982,1873.0,39131,499,34486.0,729.0,1013989,140795,7201883,South America,0.6273050844727899,1.4092553799276328,0.9182182741614456
61,Moldova,245494,628.0,5548,27.0,230090,1324.0,9856,272,60970.0,1378.0,932952,231703,4026504,Europe,0.25581073264519705,0.48666186012977647,0.5754270068234169
62,Ireland,243238,419.0,4835,4.0,223965,570.0,14438,49,48829.0,971.0,4271454,857470,4981461,Europe,0.17225926869979197,0.0827300930713547,0.2545040519724064
63,Denmark,241731,724.0,2452,-1.0,230638,554.0,8641,40,41617.0,422.0,31634853,5446398,5808399,Europe,0.2995064762070235,-0.040783034257748776,0.24020326225513575
64,Ethiopia,240236,1709.0,3328,28.0,178705,1076.0,58203,1027,2050.0,28.0,2494258,21281,117205948,Africa,0.7113838059241746,0.8413461538461539,0.6021096220027419
65,Lithuania,232905,1269.0,3754,15.0,211306,1768.0,17845,172,86519.0,1395.0,2591368,962632,2691961,Europe,0.5448573452695304,0.3995737879595098,0.8367012768212924
66,Slovenia,231593,766.0,4153,6.0,215272,1292.0,12168,151,111388.0,1997.0,1127521,542295,2079165,Europe,0.3307526566001563,0.14447387430772937,0.600170946523468
67,Costa Rica,228577,-1.0,3071,-1.0,196974,-1.0,28532,236,44548.0,599.0,895974,174620,5130981,North America,-0.00043748933619743014,-0.0325626831650928,-0.0005076812168103405
68,Egypt,215484,845.0,12694,41.0,162714,544.0,40076,90,2075.0,122.0,2677262,25778,103858031,Africa,0.3921404837482133,0.32298723806522767,0.3343289452659267
69,Guatemala,212307,1640.0,7190,30.0,190388,852.0,14729,5,11680.0,396.0,1161896,63920,18177218,North America,0.7724662870277476,0.4172461752433936,0.4475071958316701
70,Armenia,207973,870.0,3859,24.0,187256,1056.0,16858,-1,70080.0,1300.0,931583,313913,2967643,Asia,0.41832353238160724,0.6219227779217413,0.56393386593754
71,Honduras,199682,707.0,4934,5.0,76235,21.0,118513,576,19910.0,492.0,555870,55426,10029110,North America,0.35406296010656946,0.10133765707336846,0.02754640257099757
72,Qatar,195757,827.0,376,9.0,173257,659.0,22124,469,69719.0,134.0,1834731,653440,2807805,Asia,0.42246254284648826,2.393617021276596,0.3803598123019561
73,Bosnia and Herzegovina,188994,-1.0,7788,-1.0,145863,-1.0,35343,-1,57893.0,2386.0,862452,264186,3264563,Europe,-0.0005291173264759727,-0.012840267077555213,-0.0006855748202080034
74,Venezuela,181903,1294.0,1888,18.0,164530,1594.0,15485,274,6411.0,67.0,3359014,118393,28371828,South America,0.7113681467595367,0.9533898305084746,0.968820275937519
75,Oman,176668,-1.0,1821,-1.0,156845,-1.0,18002,267,33917.0,350.0,1550000,297570,5208866,Asia,-0.0005660334638983857,-0.054914881933003847,-0.0006375721253466799
76,Libya,171131,-1.0,2882,-1.0,156344,-1.0,11905,-1,24640.0,415.0,926632,133420,6945208,Africa,-0.0005843476634858675,-0.03469812630117974,-0.0006396152074911733
77,Nigeria,164207,60.0,2061,-1.0,154325,21.0,7821,11,781.0,10.0,1838174,8746,210162742,Africa,0.03653924619535099,-0.048520135856380396,0.01360764620119877
78,Bahrain,163113,1024.0,588,7.0,151286,1107.0,11239,91,93317.0,336.0,3887079,2223793,1747950,Asia,0.6277856455340777,1.1904761904761905,0.7317266634057349
79,Uruguay,162400,2831.0,1848,60.0,129336,3217.0,31216,523,46623.0,531.0,1620817,465312,3483290,South America,1.7432266009852218,3.2467532467532463,2.4873198490752766
80,Kenya,151287,1027.0,2463,20.0,101362,382.0,47462,264,2766.0,45.0,1599668,29242,54705045,Africa,0.6788422005856418,0.8120178643930167,0.3768670704997928
81,North Macedonia,146733,824.0,4419,31.0,122121,682.0,20193,124,70433.0,2121.0,688876,330665,2083306,Europe,0.5615642016451651,0.7015161801312514,0.5584625084956724
82,Myanmar,142619,2.0,3206,-1.0,131889,5.0,7524,-1,2607.0,59.0,2558235,46769,54699109,Asia,0.0014023376969408002,-0.031191515907673113,0.003791066730356588
83,Albania,129456,149.0,2340,3.0,101142,542.0,25974,18,45024.0,814.0,600930,208997,2875298,Europe,0.11509702138178222,0.1282051282051282,0.5358802475727196
84,Algeria,119486,163.0,3152,4.0,83286,117.0,33048,16,2687.0,71.0,230861,5191,44476322,Africa,0.13641765562492678,0.12690355329949238,0.1404797925221526
85,Estonia,117011,333.0,1082,12.0,101471,1295.0,14458,53,88161.0,815.0,1224645,922698,1327244,Europe,0.2845886284195503,1.1090573012939002,1.2762267051669935
86,S. Korea,113444,655.0,1794,4.0,103594,532.0,8056,108,2211.0,35.0,8377779,163296,51304253,Asia,0.5773773844363739,0.2229654403567447,0.513543255400892
87,Latvia,110997,654.0,2048,6.0,101944,-1.0,7005,94,59371.0,1095.0,2117688,1132719,1869562,Europe,0.5892051136517203,0.29296875,-0.0009809307070548536
88,Norway,107144,417.0,708,-1.0,88952,-1.0,17484,51,19642.0,130.0,4967185,910600,5454850,Europe,0.38919584857761513,-0.14124293785310735,-0.0011242018167101357
89,Sri Lanka,96439,253.0,617,2.0,92832,221.0,2990,-1,4489.0,29.0,2374627,110527,21484525,Asia,0.26234199856904367,0.3241491085899514,0.23806446053085142
90,Montenegro,95377,172.0,1427,6.0,90608,313.0,3342,69,151843.0,2272.0,359610,572510,628129,Europe,0.1803369785168332,0.42046250875963564,0.3454441108952852
91,Cuba,92474,1026.0,512,12.0,87061,919.0,4901,64,8168.0,45.0,3341813,295184,11321119,North America,1.109501048943487,2.34375,1.055581718565144
92,Ghana,91663,44.0,771,3.0,89530,130.0,1362,9,2902.0,24.0,1043734,33046,31584523,Africa,0.048001920076803074,0.38910505836575876,0.1452027253434603
93,Kyrgyzstan,91639,265.0,1546,2.0,86773,152.0,3320,25,13865.0,234.0,926793,140227,6609247,Asia,0.2891781883259311,0.129366106080207,0.17516969564265383
94,Zambia,90844,94.0,1234,1.0,88555,141.0,1055,58,4835.0,66.0,1341506,71399,18788816,Africa,0.10347408744661177,0.08103727714748785,0.159223081700638
95,Uzbekistan,86338,316.0,636,1.0,83838,189.0,1864,23,2550.0,19.0,1377915,40703,33852789,Asia,0.36600338205656835,0.15723270440251574,0.22543476705074073
96,Finland,84131,498.0,887,-1.0,46000,-1.0,37244,34,15165.0,160.0,4264615,768737,5547559,Europe,0.5919340076785014,-0.11273957158962795,-0.002173913043478261
97,Mozambique,69134,67.0,798,1.0,61207,19.0,7129,68,2164.0,25.0,503001,15746,31944020,Africa,0.0969132409523534,0.12531328320802004,0.031042201055434832
98,El Salvador,67404,155.0,2072,4.0,63685,125.0,1647,63,10350.0,318.0,886223,136087,6512179,North America,0.22995667912883508,0.19305019305019305,0.19627855853026616
99,Cameroon,64809,-1.0,939,-1.0,57821,-1.0,6049,385,2394.0,35.0,1257949,46477,27066166,Africa,-0.0015429955716027095,-0.10649627263045794,-0.001729475450095986
100,Luxembourg,64746,-1.0,785,-1.0,60627,-1.0,3334,30,102119.0,1238.0,2548684,4019841,634026,Europe,-0.0015444969573409943,-0.12738853503184713,-0.001649430121892886
101,Singapore,60808,39.0,30,-1.0,60463,17.0,315,2,10330.0,5.0,9036706,1535074,5886820,Asia,0.06413629785554532,-3.3333333333333335,0.028116368688288707
102,Afghanistan,57793,72.0,2540,1.0,52116,11.0,3137,1124,1459.0,64.0,381098,9619,39619357,Asia,0.12458256190196046,0.03937007874015748,0.021106761838974596
103,Cyprus,55407,786.0,288,4.0,39061,-1.0,16058,65,45628.0,237.0,4280069,3524637,1214329,Asia,1.4185933185337591,1.3888888888888888,-0.0025600983077750184
104,Namibia,46515,185.0,602,3.0,44437,45.0,1476,29,18048.0,234.0,370004,143566,2577241,Africa,0.3977211652155219,0.4983388704318937,0.10126696221617121
105,Ivory Coast,45519,45.0,274,-1.0,45064,71.0,181,-1,1693.0,10.0,557294,20723,26892632,Africa,0.09885981677980624,-0.36496350364963503,0.15755370140244984
106,Botswana,44075,-1.0,671,-1.0,39493,-1.0,3911,1,18448.0,281.0,969789,405924,2389088,Africa,-0.0022688598979013048,-0.14903129657228018,-0.002532094295191553
107,Jamaica,43684,211.0,721,8.0,19599,127.0,23364,32,14701.0,243.0,313384,105466,2971427,North America,0.4830143759728962,1.1095700416088765,0.6479922445022706
108,Uganda,41340,30.0,338,-1.0,40898,-1.0,104,24,882.0,7.0,983862,20989,46875190,Africa,0.07256894049346879,-0.2958579881656805,-0.0024451073402122353
109,Thailand,40585,1547.0,99,2.0,28750,270.0,11736,1,580.0,1.0,8124896,116171,69939103,Asia,3.8117531107552054,2.0202020202020203,0.9391304347826087
110,Senegal,39731,67.0,1090,3.0,38441,31.0,200,16,2325.0,64.0,462560,27064,17091143,Africa,0.16863406408094433,0.27522935779816515,0.08064306339585339
111,Zimbabwe,37699,165.0,1552,1.0,35005,24.0,1142,12,2508.0,103.0,401364,26697,15034019,Africa,0.4376773919732619,0.06443298969072164,0.06856163405227825
112,Malawi,33919,-1.0,1136,-1.0,31717,-1.0,1066,15,1738.0,58.0,226302,11594,19519025,Africa,-0.0029482001238244054,-0.08802816901408451,-0.0031528833117886305
113,Sudan,31790,-1.0,2208,-1.0,25539,-1.0,4043,-1,712.0,49.0,232965,5217,44655932,Africa,-0.0031456432840515883,-0.04528985507246377,-0.003915580093190806
114,Madagascar,31617,578.0,538,7.0,25471,278.0,5608,294,1119.0,19.0,164826,5834,28251355,Africa,1.828130436157763,1.3011152416356877,1.0914373208747203
115,Malta,29927,67.0,409,4.0,28910,38.0,608,-1,67635.0,924.0,844016,1907480,442477,Europe,0.22387810338490324,0.9779951100244498,0.13144240747146316
116,Australia,29494,11.0,910,-1.0,26423,38.0,2161,-1,1146.0,35.0,16329169,634534,25734122,Australia/Oceania,0.0372957211636265,-0.10989010989010989,0.14381410135109565
117,DRC,28894,35.0,745,-1.0,25841,-1.0,2308,-1,315.0,8.0,144524,1576,91700324,Africa,0.12113241503426317,-0.1342281879194631,-0.0038698192794396503
118,Maldives,26145,124.0,69,1.0,23482,122.0,2594,53,47704.0,126.0,683386,1246911,548063,Asia,0.47427806463951044,1.4492753623188406,0.5195468869772591
119,Angola,24300,178.0,561,1.0,22576,373.0,1163,20,722.0,17.0,445121,13220,33669143,Africa,0.7325102880658436,0.17825311942959002,1.6521970233876682
120,Rwanda,23866,54.0,322,-1.0,22082,67.0,1462,6,1807.0,24.0,1253747,94945,13205039,Africa,0.22626330344423026,-0.3105590062111801,0.3034145457838964
121,Gabon,21858,292.0,133,1.0,18507,288.0,3218,20,9641.0,59.0,687026,303041,2267109,Africa,1.3358953243663647,0.7518796992481203,1.5561679364564758
122,Guinea,21460,68.0,138,-1.0,18882,26.0,2440,24,1600.0,10.0,419860,31302,13413017,Africa,0.3168685927306617,-0.7246376811594203,0.13769727783073826
123,Syria,21004,148.0,1437,14.0,14721,127.0,4846,-1,1178.0,81.0,103566,5807,17835491,Asia,0.7046276899638164,0.9742519137091163,0.8627131309014333
124,Mongolia,20655,983.0,41,4.0,11450,406.0,9164,88,6221.0,12.0,2529624,761932,3320012,Asia,4.759138223190511,9.75609756097561,3.5458515283842793
125,Cabo Verde,19975,-1.0,189,-1.0,17870,-1.0,1916,23,35621.0,337.0,141125,251663,560769,Africa,-0.0050062578222778474,-0.5291005291005291,-0.005595970900951315
126,Mayotte,19757,-1.0,168,-1.0,2964,-1.0,16625,6,71068.0,604.0,165683,595982,278000,Africa,-0.005061497190869059,-0.5952380952380952,-0.033738191632928474
127,French Polynesia,18696,8.0,141,-1.0,4842,-1.0,13713,1,66252.0,500.0,26355,93393,282196,Australia/Oceania,0.04278990158322636,-0.7092198581560284,-0.020652622883106157
128,Réunion,18425,-1.0,135,-1.0,16794,-1.0,1496,54,20464.0,150.0,100098,111173,900379,Africa,-0.00542740841248304,-0.7407407407407408,-0.005954507562224604
129,Eswatini,18415,1.0,671,1.0,17682,-1.0,62,3,15744.0,574.0,178172,152326,1169679,Africa,0.005430355688297583,0.14903129657228018,-0.0056554688383667
130,Mauritania,18121,18.0,452,-1.0,17473,7.0,196,14,3818.0,95.0,220359,46432,4745835,Africa,0.0993322664312124,-0.22123893805309736,0.040061809649173004
131,French Guiana,18081,-1.0,95,-1.0,9995,-1.0,7991,13,59326.0,312.0,200985,659454,304775,South America,-0.005530667551573475,-1.0526315789473684,-0.010005002501250627
132,Burkina Faso,13114,31.0,154,-1.0,12750,8.0,210,-1,614.0,7.0,176583,8269,21354113,Africa,0.2363885923440598,-0.6493506493506493,0.06274509803921569
133,Mali,12980,145.0,429,3.0,7385,76.0,5166,-1,627.0,21.0,245703,11864,20709345,Africa,1.1171032357473034,0.6993006993006993,1.0291130670277588
134,Haiti,12918,12.0,251,-1.0,11791,20.0,876,-1,1122.0,22.0,60085,5219,11512552,North America,0.09289363678588017,-0.398406374501992,0.16962089729454669
135,Somalia,12837,-1.0,656,-1.0,5346,-1.0,6835,-1,790.0,40.0,102486,6310,16241914,Africa,-0.0077899820830412084,-0.1524390243902439,-0.018705574261129815
136,Andorra,12771,59.0,123,-1.0,12159,54.0,489,29,165079.0,1590.0,193595,2502424,77363,Europe,0.46198418291441545,-0.8130081300813009,0.44411547002220575
137,Guadeloupe,12717,-1.0,176,-1.0,2242,-1.0,10299,13,31778.0,440.0,164128,410137,400178,North America,-0.007863489816780688,-0.5681818181818182,-0.04460303300624443
138,Belize,12538,-1.0,318,-1.0,12143,-1.0,77,1,31086.0,788.0,109796,272225,403328,North America,-0.007975753708725474,-0.3144654088050315,-0.00823519723297373
139,Togo,12496,105.0,119,-1.0,10163,193.0,2214,-1,1482.0,14.0,299315,35499,8431597,Africa,0.8402688860435339,-0.8403361344537815,1.8990455574141494
140,Curaçao,11837,68.0,88,3.0,9011,764.0,2738,22,71902.0,535.0,89140,541470,164626,North America,0.5744698825715975,3.4090909090909087,8.478526245699701
141,Guyana,11762,120.0,268,1.0,10161,100.0,1333,13,14897.0,339.0,107093,135636,789564,South America,1.0202346539704132,0.3731343283582089,0.9841551028442083
142,Hong Kong,11654,18.0,209,-1.0,11258,5.0,187,4,1545.0,28.0,11193673,1483549,7545198,Asia,0.15445340655568904,-0.4784688995215311,0.044412861964825016
143,Lesotho,10709,-1.0,315,-1.0,5028,-1.0,5366,-1,4968.0,146.0,71629,33228,2155713,Africa,-0.009337940050424876,-0.31746031746031744,-0.01988862370723946
144,South Sudan,10432,-1.0,114,-1.0,10148,-1.0,170,-1,923.0,10.0,142254,12592,11297620,Africa,-0.009585889570552147,-0.8771929824561403,-0.009854158454867954
145,Djibouti,10412,27.0,114,4.0,8990,110.0,1308,-1,10419.0,114.0,143650,143742,999362,Africa,0.25931617364579335,3.508771929824561,1.2235817575083427
146,Aruba,10305,41.0,92,-1.0,9725,65.0,488,14,96195.0,859.0,140062,1307451,107126,North America,0.3978651140223193,-1.0869565217391304,0.6683804627249357
147,Congo,10084,-1.0,139,-1.0,8208,-1.0,1737,-1,1793.0,25.0,92500,16444,5625046,Africa,-0.009916699722332408,-0.7194244604316548,-0.012183235867446393
148,Martinique,9890,-1.0,64,-1.0,98,-1.0,9728,24,26371.0,171.0,140946,375822,375034,North America,-0.010111223458038422,-1.5625,-1.0204081632653061
149,Bahamas,9634,-1.0,194,-1.0,8984,-1.0,456,3,24315.0,490.0,81855,206589,396221,North America,-0.010379904504878556,-0.5154639175257731,-0.011130899376669634
150,Suriname,9545,49.0,187,-1.0,8805,26.0,553,13,16156.0,317.0,47316,80088,590798,South America,0.5133577789418544,-0.53475935828877,0.29528676888131744
151,Papua New Guinea,9515,172.0,84,2.0,846,-1.0,8585,-1,1048.0,9.0,70260,7737,9080807,Australia/Oceania,1.8076720966894377,2.380952380952381,-0.1182033096926714
152,Trinidad and Tobago,8806,128.0,150,-1.0,7908,65.0,748,8,6276.0,107.0,119953,85492,1403087,North America,1.4535543947308653,-0.6666666666666667,0.8219524532119373
153,Benin,7611,-1.0,95,-1.0,6728,-1.0,788,35,615.0,8.0,575088,46479,12373092,Africa,-0.013138877939823938,-1.0526315789473684,-0.014863258026159332
154,Equatorial Guinea,7259,-1.0,106,-1.0,6885,-1.0,268,11,5044.0,74.0,116266,80788,1439155,Africa,-0.013776002204160353,-0.9433962264150944,-0.014524328249818447
155,Nicaragua,6778,-1.0,180,-1.0,4225,-1.0,2373,-1,1014.0,27.0,-1,-1,6686946,North America,-0.014753614635585718,-0.5555555555555556,-0.023668639053254437
156,Iceland,6286,-1.0,29,-1.0,6184,-1.0,73,3,18327.0,85.0,568908,1658624,343000,Europe,-0.01590836780146357,-3.4482758620689653,-0.016170763260025874
157,Cambodia,5771,291.0,39,1.0,2416,23.0,3316,-1,341.0,2.0,811284,47999,16901990,Asia,5.0424536475480854,2.564102564102564,0.9519867549668874
158,Yemen,5770,55.0,1119,11.0,2209,5.0,2442,23,190.0,37.0,22934,756,30343828,Asia,0.9532062391681109,0.9830205540661305,0.22634676324128564
159,CAR,5728,-1.0,75,-1.0,5112,-1.0,541,2,1170.0,15.0,40907,8355,4896095,Africa,-0.017458100558659217,-1.3333333333333335,-0.019561815336463225
160,Gambia,5720,-1.0,170,-1.0,5190,-1.0,360,3,2316.0,69.0,60815,24621,2470054,Africa,-0.017482517482517484,-0.5882352941176471,-0.01926782273603083
161,Niger,5116,-1.0,190,-1.0,4771,-1.0,155,1,206.0,8.0,95186,3824,24893250,Africa,-0.019546520719311962,-0.5263157894736842,-0.020959966464053657
162,San Marino,5026,8.0,87,-1.0,4724,42.0,215,4,147876.0,2560.0,58004,1706602,33988,Europe,0.15917230401910068,-1.1494252873563218,0.8890770533446233
163,Seychelles,4875,41.0,25,-1.0,4351,-1.0,499,-1,49327.0,253.0,21504,217586,98830,Africa,0.841025641025641,-4.0,-0.022983222247759134
164,Chad,4691,5.0,168,-1.0,4335,6.0,188,-1,279.0,10.0,110863,6600,16796394,Africa,0.10658708164570455,-0.5952380952380952,0.13840830449826988
165,Saint Lucia,4401,3.0,67,2.0,4238,3.0,96,3,23880.0,364.0,38600,209449,184293,North America,0.0681663258350375,2.9850746268656714,0.07078810759792356
166,Gibraltar,4291,-1.0,94,-1.0,4181,-1.0,16,1,127394.0,2791.0,223889,6646944,33683,Europe,-0.023304591004427874,-1.0638297872340425,-0.02391772303276728
167,Channel Islands,4053,-1.0,86,-1.0,3956,-1.0,11,1,23142.0,491.0,399901,2283413,175133,Europe,-0.024673081667900318,-1.1627906976744187,-0.02527805864509606
168,Sierra Leone,4020,4.0,79,-1.0,2848,15.0,1093,-1,496.0,10.0,118332,14600,8104959,Africa,0.09950248756218905,-1.2658227848101267,0.526685393258427
169,Comoros,3815,-1.0,146,-1.0,3589,-1.0,80,-1,4315.0,165.0,-1,-1,884209,Africa,-0.02621231979030144,-0.684931506849315,-0.02786291446085261
170,Barbados,3773,8.0,44,-1.0,3656,8.0,73,-1,13116.0,153.0,148276,515465,287655,North America,0.21203286509408956,-2.272727272727273,0.2188183807439825
171,Guinea-Bissau,3710,-1.0,66,-1.0,3117,-1.0,527,9,1851.0,33.0,61481,30669,2004645,Africa,-0.026954177897574125,-1.5151515151515151,-0.03208213025344883
172,Eritrea,3491,-1.0,10,-1.0,3288,-1.0,193,-1,974.0,3.0,23693,6608,3585246,Africa,-0.028645087367516472,-10.0,-0.030413625304136254
173,Burundi,3477,-1.0,6,-1.0,773,-1.0,2698,-1,286.0,0.5,90019,7397,12169053,Africa,-0.028760425654299683,-16.666666666666664,-0.129366106080207
174,Liechtenstein,2804,14.0,56,-1.0,2665,-1.0,83,3,73374.0,1465.0,32252,843962,38215,Europe,0.4992867332382311,-1.7857142857142856,-0.0375234521575985
175,Vietnam,2781,9.0,35,-1.0,2475,30.0,271,-1,28.0,0.4,2598753,26509,98032653,Asia,0.3236245954692557,-2.857142857142857,1.2121212121212122
176,New Zealand,2591,-1.0,26,-1.0,2464,-1.0,101,-1,518.0,5.0,1959282,391692,5002100,Australia/Oceania,-0.0385951370127364,-3.8461538461538463,-0.040584415584415584
177,Monaco,2395,4.0,31,-1.0,2282,6.0,82,6,60690.0,786.0,51953,1316499,39463,Europe,0.16701461377870563,-3.225806451612903,0.26292725679228746
178,Turks and Caicos,2369,-1.0,17,-1.0,2290,-1.0,62,2,60540.0,434.0,43902,1121924,39131,North America,-0.04221190375685943,-5.88235294117647,-0.043668122270742356
179,Sao Tome and Principe,2275,3.0,35,-1.0,2210,6.0,30,-1,10231.0,157.0,12597,56648,222372,Africa,0.13186813186813187,-2.857142857142857,0.27149321266968324
180,Sint Maarten,2205,3.0,27,-1.0,2144,5.0,34,1,50970.0,624.0,25322,585331,43261,North America,0.13605442176870747,-3.7037037037037033,0.23320895522388058
181,Bermuda,2123,63.0,18,1.0,1237,42.0,868,41,34190.0,290.0,225628,3633594,62095,North America,2.967498822421102,5.555555555555555,3.395311236863379
182,Liberia,2042,-1.0,85,-1.0,1899,-1.0,58,2,396.0,17.0,79684,15469,5151337,Africa,-0.04897159647404505,-1.1764705882352942,-0.0526592943654555
183,St. Vincent Grenadines,1819,-1.0,10,-1.0,1677,-1.0,132,2,16355.0,90.0,44072,396260,111220,North America,-0.054975261132490384,-10.0,-0.05963029218843172
184,Saint Martin,1702,-1.0,12,-1.0,1399,-1.0,291,7,43433.0,306.0,27588,704009,39187,North America,-0.05875440658049354,-8.333333333333332,-0.07147962830593281
185,Isle of Man,1575,-1.0,29,-1.0,1534,-1.0,12,-1,18445.0,340.0,44761,524195,85390,Europe,-0.06349206349206349,-3.4482758620689653,-0.0651890482398957
186,Caribbean Netherlands,1546,5.0,15,-1.0,1444,9.0,87,-1,58525.0,568.0,10025,379505,26416,North America,0.3234152652005175,-6.666666666666667,0.6232686980609419
187,Timor-Leste,1236,43.0,2,-1.0,644,20.0,590,-1,924.0,1.0,55037,41126,1338266,Asia,3.4789644012944985,-50.0,3.1055900621118013
188,Antigua and Barbuda,1216,3.0,31,-1.0,986,37.0,199,4,12336.0,314.0,16493,167319,98572,North America,0.24671052631578946,-3.225806451612903,3.7525354969574036
189,Mauritius,1203,1.0,15,-1.0,934,69.0,254,-1,945.0,12.0,358675,281657,1273445,Africa,0.0831255195344971,-6.666666666666667,7.387580299785867
190,Taiwan,1072,2.0,11,-1.0,1033,1.0,28,-1,45.0,0.5,513203,21517,23851025,Asia,0.18656716417910446,-9.090909090909092,0.0968054211035818
191,Bhutan,952,11.0,1,-1.0,878,2.0,73,-1,1223.0,1.0,661950,850468,778336,Asia,1.1554621848739497,-100.0,0.22779043280182232
192,St. Barth,934,-1.0,1,-1.0,462,-1.0,471,-1,94334.0,101.0,26385,2664882,9901,North America,-0.10706638115631692,-100.0,-0.21645021645021645
193,Faeroe Islands,662,-1.0,1,-1.0,660,-1.0,1,-1,13507.0,20.0,248281,5065925,49010,Europe,-0.1510574018126888,-100.0,-0.15151515151515152
194,Cayman Islands,525,-1.0,2,-1.0,499,-1.0,24,-1,7915.0,30.0,86495,1303951,66333,North America,-0.19047619047619047,-50.0,-0.2004008016032064
195,Tanzania,509,-1.0,21,-1.0,183,-1.0,305,7,8.0,0.3,-1,-1,61071876,Africa,-0.19646365422396855,-4.761904761904762,-0.546448087431694
196,Wallis and Futuna,438,-1.0,5,-1.0,44,-1.0,389,3,39524.0,451.0,10663,962191,11082,Australia/Oceania,-0.228310502283105,-20.0,-2.272727272727273
197,Brunei ,221,-1.0,3,-1.0,206,-1.0,12,-1,501.0,7.0,116596,264511,440798,Asia,-0.4524886877828055,-33.33333333333333,-0.48543689320388345
198,British Virgin Islands,187,-1.0,1,-1.0,182,-1.0,4,-1,6153.0,33.0,35791,1177684,30391,North America,-0.53475935828877,-100.0,-0.5494505494505495
199,Dominica,165,-1.0,-1,-1.0,159,-1.0,6,-1,2288.0,-1.0,13500,187167,72128,North America,-0.6060606060606061,100.0,-0.628930817610063
200,Grenada,155,-1.0,1,-1.0,152,-1.0,2,-1,1372.0,9.0,23989,212410,112937,North America,-0.6451612903225806,-100.0,-0.6578947368421052
201,New Caledonia,123,2.0,-1,-1.0,58,-1.0,65,-1,428.0,-1.0,29593,102870,287673,Australia/Oceania,1.6260162601626018,100.0,-1.7241379310344827
202,Fiji,72,4.0,2,-1.0,65,1.0,5,-1,80.0,2.0,42492,47130,901596,Australia/Oceania,5.555555555555555,-50.0,1.5384615384615385
203,Falkland Islands,62,-1.0,-1,-1.0,55,-1.0,7,-1,17416.0,-1.0,7191,2019944,3560,South America,-1.6129032258064515,100.0,-1.8181818181818181
204,Laos,58,4.0,-1,-1.0,49,-1.0,9,-1,8.0,-1.0,146865,19957,7359048,Asia,6.896551724137931,100.0,-2.0408163265306123
205,Macao,49,-1.0,-1,-1.0,48,-1.0,1,-1,75.0,-1.0,4418,6731,656337,Asia,-2.0408163265306123,100.0,-2.083333333333333
206,Anguilla,29,4.0,-1,-1.0,25,3.0,4,-1,1919.0,-1.0,17376,1150043,15109,North America,13.793103448275861,100.0,12.0
207,Vatican City,27,-1.0,-1,-1.0,15,-1.0,12,-1,33624.0,-1.0,-1,-1,803,Europe,-3.7037037037037033,100.0,-6.666666666666667
208,Saint Pierre Miquelon,25,1.0,-1,-1.0,24,-1.0,1,-1,4332.0,-1.0,5318,921504,5771,North America,4.0,100.0,-4.166666666666666
209,Solomon Islands,20,-1.0,-1,-1.0,18,-1.0,2,-1,29.0,-1.0,4500,6427,700149,Australia/Oceania,-5.0,100.0,-5.555555555555555
210,Western Sahara,10,-1.0,1,-1.0,8,-1.0,1,-1,16.0,2.0,-1,-1,608904,Africa,-10.0,-100.0,-12.5
211,Samoa,3,-1.0,-1,-1.0,2,-1.0,1,-1,15.0,-1.0,-1,-1,199460,Australia/Oceania,-33.33333333333333,100.0,-50.0
212,Vanuatu,3,-1.0,-1,-1.0,1,-1.0,2,-1,10.0,-1.0,470,1503,312800,Australia/Oceania,-33.33333333333333,100.0,-100.0
213,Total:,141286938,784521.0,3023317,11596.0,120029569,615509.0,18234052,106891,18125.8,387.9,-1,-1,-1,All,0.5552678903693136,0.3835522374927935,0.5127978090132107
